09359313137
09183110425
09010107971
09010712639
09012591340
09013013700
09013279484
09013335756
09014621189
09019737509
09026021360
09031846152
09036207201
09037163128
09037545711
09038447849
09100121176
09100121216
09100233432
09100244770
09100294341
09100493422
09100499125
09100904469
09102031897
09102415015
09102434717
09102842008
09104280082
09104355797
09104383238
09104450148
09104455804
09104540506
09104678919
09104786859
09104801388
09107433114
09108397946
09108398423
09109459698
09109580159
09109592795
09109727910
09109833722
09111148151
09111274661
09111534725
09111790342
09112841348
09113208697
09113252618
09113492005
09114144218
09118615059
09119316820
09120178784
09120215516
09120236001
09120334869
09120459426
09120481454
09120675916
09120708914
09120969369
09120969421
09121018300
09121022324
09121025662
09121038212
09121069602
09121078350
09121080474
09121105524
09121121068
09121128676
09121141998
09121213360
09121215083
09121219626
09121230326
09121232713
09121253467
09121327410
09121361879
09121363759
09121382261
09121405294
09121411050
09121411244
09121412512
09121412989
09121413249
09121413743
09121415375
09121415378
09121416489
09121416746
09121417404
09121417407
09121417445
09121417448
09121419086
09121422034
09121422042
09121424371
09121424434
09121425045
09121425389
09121425466
09121436449
09121465933
09121504143
09121548497
09121581566
09121684047
09121712413
09121712943
09121727433
09121751814
09121759764
09121785792
09121788322
09121792949
09121797645
09121810021
09121810116
09121811195
09121811515
09121811678
09121811739
09121812051
09121812599
09121813221
09121813979
09121814093
09121815089
09121815891
09121815982
09121816641
09121816810
09121816835
09121817179
09121818097
09121818630
09121819284
09121821545
09121821811
09121822822
09121823385
09121823796
09121825430
09121826344
09121827387
09121837542
09121863034
09121866089
09121866460
09121935580
09121957448
09121966798
09121987435
09122011780
09122044625
09122063035
09122148526
09122331193
09122410536
09122410795
09122411467
09122411983
09122412245
09122413945
09122414402
09122415032
09122415308
09122416435
09122416693
09122417159
09122417280
09122417695
09122417749
09122417922
09122421096
09122421299
09122421603
09122422329
09122422601
09122423726
09122423829
09122424280
09122425140
09122425525
09122426951
09122429083
09122429703
09122451430
09122462918
09122492920
09122533016
09122608785
09122652153
09122682210
09122682281
09122701900
09122709492
09122803625
09122812024
09122813706
09122815070
09122815341
09122816884
09122817790
09122818308
09122821826
09122823017
09122823700
09122823893
09122824053
09122826294
09122826580
09122826884
09122827008
09122827962
09122829672
09123002300
09123117935
09123135175
09123135727
09123161737
09123219806
09123226270
09123268909
09123410042
09123410501
09123411270
09123412401
09123412950
09123414236
09123417399
09123418556
09123419843
09123419890
09123420398
09123420557
09123420578
09123421478
09123424350
09123424651
09123424679
09123443010
09123505233
09123532721
09123577079 
09123587482
09123588105
09123591176
09123620641
09123641947
09123752383
09123801345
09123807025
09123810689
09123812740
09123814272
09123814389
09123815103
09123815838
09123816726
09123817727
09123818781
09123818925
09123819703
09123820122
09123820702
09123821849
09123822533
09123823249
09123823576
09123828392
09123828743
09123828975
09123829195
09123886138
09124013679
09124095249
09124110065
09124192149
09124225765
09124304193
09124412386
09124415998
09124416846
09124417189
09124418323
09124418771
09124420150
09124421672
09124422131
09124424497
09124424749
09124438357
09124472350
09124508644
09124691605
09124757504
09124806477
09124810591
09124813110
09124813811
09124814034
09124821404
09124822672
09124854818
09124893582
09124900193
09125015418
09125024608
09125119858
09125145897
09125214008
09125251548
09125254107
09125305939
09125411063
09125412938
09125413172
09125413310
09125414064
09125414852
09125416371
09125416524
09125416527
09125416529
09125416882
09125416884
09125417469
09125419968
09125420435
09125421036
09125421047
09125421066
09125422399
09125423575
09125424065
09125424438
09125426713
09125427880
09125447116
09125625753
09125639463
09125642250
09125644068
09125657368
09125662304
09125725425
09125769430
09125811866
09125814292
09125814609
09125819940
09125820339
09125821742
09125822360
09125824526
09125826456
09125831629
09125834264
09125889812
09125937851
09126013919
09126020751
09126183688
09126196378
09126305155 
09126387684
09126404181
09126411032
09126411124
09126411668
09126412243
09126415578
09126417468
09126417622
09126420528
09126423401
09126424149
09126424234
09126447490
09126470992
09126703748
09126706434
09126763376
09126774329
09126817665
09126817748
09126817769
09126824198
09126824745
09126827940
09126828292
09127082972
09127103353
09127199061
09127300146
09127403415
09127403991
09127407911
09127408972
09127411552
09127413147
09127413716
09127414937
09127416182
09127416192
09127416720
09127418545
09127418630
09127420636
09127421781
09127422450
09127422709
09127425370
09127425470
09127427451
09127428055
09127429307
09127430065
09127432331
09127432368
09127432548
09127432602
09127434311
09127434437
09127435308
09127436074
09127442106
09127444097
09127448548
09127450136
09127450614
09127450870
09127451552
09127451592
09127451963
09127452028
09127455767
09127456087
09127456498
09127459954
09127625276
09127673169
09127699142
09127720273
09127720802
09127723971
09127724583
09127724956
09127725166
09127727339
09127768474
09127800492
09127808194
09127808790
09127809320
09127810711
09127813506
09127818218
09127819404
09127819485
09127820408
09127821044
09127821825
09127825727
09127826096
09127826505
09127826638
09127834474
09127838801
09127840143
09127843985
09127844722
09127845815
09127847871
09127849895
09127850103
09127853418
09127859736
09127860335
09127862292
09127865154
09127867051
09127869051
09127869193
09127880299
09127881725
09127882952
09127883077
09127884388
09127884483
09127884793
09127889737
09127893376
09127894428
09128081509
09128171603
09128395813
09128411769
09128411855
09128412029
09128415927
09128416434
09128418724
09128419400
09128421258
09128422235
09128425148
09128428363
09128597805
09128671815
09128784624
09128801776
09128803032
09128804032
09128804724
09128805686
09128805710
09128814074
09128815669
09128818059
09128821762
09128822642
09128824963
09128829795
09128831296
09128839082
09128866071
09128866073
09128867300
09128875028
09128970747
09129179320
09129261571
09129263266
09129346138
09129467122
09129478539
09129816979
09131185289
09132545491
09132770230
09133115631
09133156313
09133432391
09133810588
09133913347
09135225300
09135935745
09140072251
09140371921
09141007426
09141009034
09141012852
09141027705
09141028234
09141032199
09141035689
09141036301
09141048361
09141049076
09141053357
09141102530
09141103919
09141130228
09141140545
09141141218
09141141763
09141142715
09141142764
09141143816
09141143850
09141145816
09141146159
09141147978
09141148139
09141148914
09141149374  
09141149650
09141150720
09141152071
09141152149
09141152357
09141154710
09141154815
09141156403
09141156573
09141156884
09141157815
09141157819
09141158284
09141158487
09141159185
09141160353
09141163422
09141164197
09141166617
09141167295
09141168126
09141168445
09141168479
09141169138
09141170484
09141192941
09141199584
09141200209
09141201933
09141202557
09141210448
09141211078
09141212049
09141212325
09141218408
09141218646
09141218679
09141219222
09141219262
09141220370
09141220704
09141231301
09141232072
09141232228
09141240947
09141245259
09141247944
09141288469
09141288561
09141289443
09141289590
09141304055
09141305462
09141308707
09141310186
09141393384
09141403365
09141404599
09141410514
09141410986
09141411239
09141411469
09141414166
09141414485
09141416309
09141416435
09141416956
09141419282
09141421448
09141421494
09141422082
09141422208
09141422567
09141435213
09141435903
09141436604
09141436649
09141437073
09141437185
09141445155
09141445172
09141450085
09141451186
09141451342
09141452099
09141452123
09141452296
09141452639
09141460257
09141462474
09141462822
09141470932
09141472100
09141473951
09141478304
09141480872
09141490070
09141499527
09141502096
09141502462
09141502511
09141502980
09141511490
09141511695
09141512430
09141512872
09141513072
09141515209
09141516108
09141517110
09141518106
09141519671
09141519682
09141519760
09141526085
09141526186
09141526233
09141526254
09141528294
09141528710
09141538737
09141543684
09141555917
09141556238
09141560014
09141560151
09141564621
09141580476
09141581440
09141583549
09141584013
09141585098
09141600036
09141601620
09141604550
09141605110
09141608262
09141609805
09141609951
09141611444
09141611592
09141612919
09141613010
09141613445
09141613678
09141632339
09141644014
09141653011
09141661340
09141662592
09141663819
09141667615
09141668470
09141670375
09141671345
09141672130
09141672507
09141673257
09141686076
09141691227
09141768372
09141770827
09141771134
09141775104
09141776946
09141777652
09141780114
09141784330
09141800535
09141800536
09141800554
09141800835
09141802152
09141803224
09141803440
09141806586
09141808039
09141809007
09141810013
09141810021
09141810202
09141810207
09141810209
09141810252
09141811105
09141811450
09141811559
09141811687
09141811768
09141811806
09141812183
09141812224
09141812305
09141821048
09141830733
09141831360
09141831536 
09141831675
09141831983
09141832613
09141835214
09141835495
09141837090
09141839704
09141840104
09141842196
09141842983
09141844132
09141844603
09141845268
09141845712
09141847287
09141847518
09141847619
09141849237
09141850216
09141853566
09141856696
09141858218
09141863090
09141865786
09141868064
09141871912
09141873067
09141882099
09141882483
09141883098
09141883966
09141884059
09141884993
09141886905
09141890745
09141891632
09141892563
09141897899
09141901993
09141912080
09141912391
09141912603
09141913119
09141933886
09142116545
09142125135
09142227072
09142241641
09142327881
09142353006
09142533766
09142608078
09142643489
09142751913
09142766744
09142873990
09142902650
09142920911
09142965787
09143001484
09143006820
09143008447
09143009097
09143009504
09143010199
09143014019
09143014205
09143016056
09143016221
09143019667
09143021086
09143022698
09143026947
09143028052
09143031066
09143036197
09143043162
09143044397
09143045305
09143054798
09143055482
09143056286
09143060388
09143071797
09143073581
09143074808
09143080670
09143084251
09143084856
09143086137
09143088990
09143090503
09143092995
09143094170
09143099484
09143100014
09143100132
09143100650
09143105082
09143105847
09143106044
09143106152
09143107309
09143108628
09143110571
09143111012
09143112210
09143112453
09143115529
09143115569
09143115576
09143115753
09143116501
09143117293
09143117946
09143119877
09143121298
09143121903
09143122022
09143122048
09143122210
09143125536
09143126378
09143130438
09143132923
09143134015
09143136660
09143138130
09143140186
09143140295
09143140727
09143141381
09143141851
09143143725
09143146642
09143151598
09143153152
09143153406
09143154605
09143155513
09143156747
09143157780
09143160028
09143164238
09143165832
09143166277
09143167669
09143178332
09143184482
09143189087
09143192427
09143193989
09143195311
09143197230
09143200115
09143201648
09143201810
09143204390
09143204812
09143206505
09143206809
09143208734
09143209369
09143210037
09143210529
09143210976
09143213280
09143213863
09143217993
09143218290
09143218340
09143219185
09143220549
09143221410
09143222181
09143223092
09143224350
09143230002
09143231182
09143231548
09143232481
09143240183
09143241994
09143261170
09143263291
09143264288
09143264606
09143264609
09143267568
09143310104
09143311351
09143312604
09143312806
09143314898
09143316803
09143320031
09143322215
09143324008
09143401089
09143402091
09143405145
09143407926
09143410414
09143410427
09143410535
09143411293
09143412559
09143412586
09143412857
09143413294
09143414578
09143415597
09143416046
09143416197
09143416285
09143416522
09143416681
09143416932
09143417090
09143417495
09143419771
09143419854
09143420200
09143420623
09143421163
09143421182
09143421226
09143421292
09143421503
09143423042
09143426002
09143427144
09143428065
09143429558
09143430640
09143432268
09143432800
09143433102
09143433494
09143434045
09143435848
09143436290
09143436357
09143436550
09143438115
09143440200
09143441179
09143442171
09143442239
09143443603
09143443655
09143443705
09143446532
09143447484
09143447610
09143449027
09143449780
09143449790
09143450982
09143451969
09143456751
09143457817
09143457933
09143458867
09143462216
09143464000
09143469773
09143473075
09143473393
09143476620
09143476900
09143477030
09143481035
09143483315
09143486058
09143487398
09143488416
09143489929
09143495164
09143497974
09143511031
09143514749
09143514915
09143516546
09143519368
09143521568
09143522389
09143523010
09143523074
09143523169
09143528052
09143536742
09143537562
09143541934
09143541969
09143542160
09143542728
09143543813
09143543972
09143544583
09143556065
09143559026
09143578259
09143581921
09143583041
09143584658
09143592733
09143610143
09143611316
09143616720
09143620037
09143621461
09143622619
09143632349
09143637651
09143710019
09143710106
09143710339
09143710648
09143713751
09143721257
09143723989
09143724104
09143727232
09143801311
09143801837
09143802913
09143802979
09143805787
09143806472
09143808183
09143808842
09143809050
09143810113
09143810157
09143810524
09143811328
09143812265
09143812654
09143814967
09143816705
09143818840
09143820193
09143820463
09143820527
09143820671
09143820899
09143820982
09143821106
09143821324
09143821509
09143822114
09143822185
09143822282
09143822596
09143823946
09143825527
09143826120
09143827749
09143828251
09143828499
09143882664
09143891517
09143893798
09143898104
09143899029
09143912091
09143913403
09143914901
09143915913
09143917162
09143956047
09144006211
09144010339
09144012334
09144014126
09144016704
09144019525
09144025327
09144031547
09144032429
09144036358
09144038890
09144044459
09144047371
09144048091
09144051360
09144053016
09144055490
09144058544
09144059175
09144071183
09144075992
09144076447
09144083854
09144084849
09144093405
09144102283
09144102460
09144103462
09144103654
09144106778
09144113523 
09144113668
09144114277
09144117094
09144119640
09144121448
09144121618
09144122138
09144123073
09144123768
09144124985
09144125212
09144129071
09144129452
09144129901
09144130426
09144131890
09144133044
09144136963
09144140846
09144141478
09144142455
09144146100
09144150857
09144151315
09144151409
09144151767
09144152596
09144153108
09144154384
09144155316
09144155690
09144158803
09144161039
09144167728
09144180553
09144188522
09144196194
09144198367
09144201042
09144205852
09144210898
09144211653
09144211728
09144212880
09144212883
09144213119
09144215175
09144217414
09144220080
09144222267
09144223028
09144225057
09144227245
09144230620
09144231743
09144233096
09144234417
09144234977
09144235751
09144238538
09144238945
09144240449
09144241871
09144260472
09144261355
09144264643
09144265298
09144265336
09144310378
09144311933
09144313097
09144313700
09144314641
09144316247
09144318033
09144318511
09144320053
09144324088
09144390212
09144400310
09144402803
09144409298
09144409377
09144410904
09144412316
09144412483
09144412973
09144415620
09144417544
09144418750
09144419414
09144419607
09144420134
09144420791
09144421355
09144423166
09144424326
09144424822
09144425535
09144426479
09144426532
09144427425
09144429657
09144429741
09144429794
09144430752
09144430907
09144431175
09144431607
09144432427
09144437210
09144437745
09144439033
09144440030
09144440389
09144440402
09144440701
09144441583
09144441932
09144442372
09144445272
09144445825
09144445946
09144447935
09144448534
09144449531
09144451049
09144451446
09144454592
09144459130
09144461088
09144461092
09144465277
09144467748
09144468858
09144469872
09144470159
09144470293
09144472131
09144473323
09144474438
09144477853
09144478304
09144478578
09144480521
09144481041
09144482569
09144488768
09144489459
09144490571
09144490719
09144511948
09144512588
09144512669
09144513204
09144513789
09144514262
09144514451
09144514807
09144515201
09144516595
09144516703
09144517077
09144518178
09144519746
09144522341
09144523290
09144526008
09144526305
09144526405
09144529238
09144532523
09144533622
09144536245
09144536356
09144542208
09144542908
09144542984
09144545951
09144550616
09144557456
09144558425
09144561912
09144562790
09144564153
09144566580
09144567747
09144610678
09144612412
09144613572
09144614395
09144616771
09144617138
09144617789
09144619381
09144620065
09144623758
09144625981
09144626497
09144629365
09144631540
09144711618
09144712149
09144712209
09144712399
09144713036
09144713040
09144714970
09144717114
09144745241
09144787380
09144790876
09144810369 
09144810846
09144811121
09144811170
09144811185
09144811402
09144811501
09144811596
09144811673
09144811902
09144812664
09144812754
09144813105
09144813441
09144814082  
09144815168
09144815288
09144815640
09144816378
09144816553
09144817655
09144817764
09144818744
09144818905
09144819153
09144819487
09144821945
09144822064
09144822408
09144822692
09144822756
09144822932
09144823613
09144824568
09144826223
09144827500
09144828290
09144828976
09144829050
09144829106
09144829197
09144829661
09144844943
09144887288
09144910734
09144910766
09144921037
09144922494
09144922819
09144934854
09144973414
09145009439
09145050456
09145060090
09145089794
09145107590
09145410014
09145421081
09145430843
09145433788
09145458059
09145491038
09145496179
09145496197
09145528402
09145548353
09145552192
09145552427
09145581843
09145631413
09145705795
09145833044
09145841876
09145971550
09145996490
09146004211
09146074950
09146075720
09146075730
09146081239
09146089027
09146096199
09146100025
09146126638
09146137186
09146150937
09146160454
09146169241
09146186432
09146205720
09146209180
09146250106
09146254145
09146378018
09146439082
09146452057
09146502654
09146613356
09146646469
09146737552
09146777765
09146794428
09146816757
09146974320
09146989312
09147048814
09147074632
09147102192
09147126482
09147139286
09147169004
09147175004
09147188867
09147202005
09147210146
09147261560
09147265472
09147309678
09147342264
09147376982
09147387725
09147437911
09147468979
09147484943
09147486039
09147566257
09147581206
09147581360
09147612003
09147634020
09147652427
09147652756
09147667864
09147678601
09147751133
09147752335
09147774200
09147774978
09147785800
09147795015
09147822004
09147829771
09147834122
09147864394
09147923394
09147965944
09147999050
09148009943
09148010116
09148016479
09148071842
09148071843
09148072864
09148073616
09148080490
09148086221
09148087630
09148087977
09148088043
09148113795
09148114919
09148142582
09148150839
09148198147
09148209015
09148226207
09148250106
09148261703
09148292180
09148320127
09148337115
09148337449
09148351847
09148356657
09148429129
09148496639
09148502064
09148504789
09148540268
09148563400
09148566903
09148589209
09148622047
09148632768
09148658358
09148666640
09148723161
09148740223
09148838175
09148852037
09148910265
09148917763
09148969006
09148972687
09149017469
09149022906
09149074875
09149079398
09149082401
09149083695
09149086494
09149140557
09149149468
09149216283
09149216305
09149231102
09149231343
09149247818
09149254565
09149268610
09149270711
09149279254
09149283528
09149286258
09149292209
09149310309
09149313516
09149320518
09149360299
09149370094
09149374093
09149389961
09149402642
09149421781
09149423733
09149425883
09149427973
09149428097
09149436148
09149455095
09149456616
09149469745
09149471388
09149472729
09149473356
09149486198
09149488263
09149489725
09149507705
09149513248
09149515900
09149516186
09149517130
09149527024
09149528459
09149532240
09149552448
09149561687
09149567462
09149572045
09149588113
09149608561
09149623448
09149624054
09149646471
09149659682
09149671867
09149689809
09149710829 
09149714314
09149739725
09149744754
09149751255
09149792155
09149805112
09149807664
09149811741
09149815904
09149816292
09149819884
09149825671
09149833183
09149835501
09149838784
09149845634
09149919633
09149925282
09149928223
09149928870
09149982378
09153112911
09155184457
09163122613
09173160950
09175067005
09175497295
09182111417
09182564088
09183119269
09183122940 
09183122941
09183128615
09183133168
09183136916
09183162476
09183166894
09183173035
09183183688
09183194626
09183438891
09184496709
09185081913
09185452922
09186084350
09186096013
09187119218
09187121026
09187131973
09187132147
09187156117
09187166908
09188115509
09188123554
09188131633
09188136063
09188138089
09188165168
09188184062
09188192881
09188368987
09188630700
09188668554
09189009523
09189017247
09189068636
09189076515
09189099610
09189106731
09189112074
09189148316
09189164712
09189841711
09190141484
09190604299
09190919960
09191411551
09191413427
09191413811
09191414653
09191418841
09191422567
09191428273
09191430113
09191433839
09191437415
09191446694
09191447679
09191455990
09191457205
09191803694
09191810050
09191829644
09191844463
09191844475
09191849691
09191882574
09191882609
09191908782
09192030020
09192071398
09192372756
09192418193
09192419485
09192420583
09192422488
09192426882
09192427061
09192427306
09192428101
09192428516
09192429065
09192774471
09192776350
09192781646
09192784502
09192787583
09192791309
09192791873
09192794030
09192797808
09192814485
09192822431
09192822638
09192827360
09192867691
09193332810
09193413987
09193422610
09193423858
09193427314
09193434171
09193436846
09193451008
09193462798
09193786337
09193813472
09193820873
09193846533
09193858858
09193891867
09194143252
09195143576
09195437717
09195658891
09195817512
09195892521
09196603352
09196622713
09196733305
09196743059
09196746496
09196790780
09196795804
09196959478
09197421474
09197864208
09198091171
09198430409
09198434245
09198451101
09198476191
09198784347
09198806163
09199011902
09199581308
09199590136
09199755447
09202251501
09213207748
09215487622
09216092873
09300317391
09300840492
09301802822
09302163146
09302905194
09303098005
09304919551
09305093985
09305273533
09306307477
09308541451
09308610987
09308760075
09309713991
09309989151
09332111820
09332810381
09333837887
09334168074
09334177529
09334596716
09334748158
09334840099
09335257115
09335583314
09336644170
09339237440
09351855217
09353003539
09353651231
09353705568
09353943194
09354382475
09354653824
09354726530
09354870889
09355573734
09356191612
09356709665
09356760956
09357557943
09358083026
09358314892
09359212071
09359328582
09359729894
09360728763
09360878896
09361112852
09361764581
09362320832
09362520599
09362929067
09362947878
09363560799
09363960943
09364073851
09364104663
09364414475
09364619456
09364642221
09364672104
09364815675
09364887090
09365348565
09365407247
09366054221
09367093728
09367155336
09367426465
09367702540
09367850356
09368106341
09369321013
09369685454
09369932110
09370250587
09370255287
09370439661
09372820237
09373210576
09373593777
09373631533
09374007730
09374011583
09374381801
09374416373
09374817464
09375035557
09375455005
09375837717
09376661731
09377326696
09378839811
09379357670
09379576844
09380114075
09380150135
09380259993
09380479491
09380734152
09382316682
09382581243
09382895058
09383187751
09383844428
09384903383
09384995056
09385601009
09386758788
09388083325
09388372754
09389305974
09389866245
09390296709
09390397516
09391788439
09392997681
09393482584
09394208589
09394395017
09394525151
09394593615
09395351907
09395448504
09395870932
09396096794
09396196378
09396355003
09397138054
09397433177
09398018295
09399237440
09413006820
09901309632
09901334991
09901413310
09902809843
09903060258
09904226639
09904582703
09905798506
09907266066
09907657707
09909408548
09909731355
09918215382
09923450261